1 10 9 8 8
2 10 9 8 8
3 10 9 8 8
4 10 9 8 8
5 10 9 8 8
6 10 9 8 8
7 10 9 8 8
8 10 9 8 8
9 10 9 8 8
10 12 11 16 10
11 12 11 16 10
12 12 11 16 10
13 12 11 16 10
14 12 11 16 10
15 12 11 16 10
16 12 11 16 10
17 12 11 16 10
18 12 11 16 10
19 12 11 16 10
20 12 11 16 10
21 12 11 16 10
22 12 11 16 10
23 12 11 16 10
24 12 11 16 10
25 12 11 16 10
26 12 11 16 10
27 14 13 16 12
28 14 13 16 12
29 14 13 16 12
30 14 13 16 12
31 14 13 16 12
32 14 13 16 12
33 14 13 16 12
34 14 13 16 12
35 14 13 16 12
36 14 13 16 12
37 14 13 16 12
38 14 13 16 12
39 14 13 16 12
40 14 13 16 12
