1 26 L 7 1 (26,19,2)
M 10 1 (26,16,4)
Q 13 1 (26,13,6)
H 17 1 (26,9,8)
2 44 L 10 1 (44,34,4)
M 16 1 (44,28,8)
Q 22 1 (44,22,11)
H 28 1 (44,16,14)
3 70 L 15 1 (70,55,7)
M 26 1 (70,44,13)
Q 36 2 (35,17,9)
H 44 2 (35,13,11)
4 100 L 20 1 (100,80,10)
M 36 2 (50,32,9)
Q 52 2 (50,24,13)
H 64 4 (25,9,8)
5 134 L 26 1 (134,108,13)
M 48 2 (67,43,12)
Q 72 2
2
(33,15,9)
(34,16,9)
H 88 2
2
(33,11,11)
(34,12,11)
6 172 L 36 2 (86,68,9)
M 64 4 (43,27,8)
Q 96 4 (43,19,12)
H 112 4 (43,15,14)
7 196 L 40 2 (98,78,10)
M 72 4 (49,31,9)
Q 108 2
4
(32,14,9)
(33,15,9)
H 130 4
1
(39,13,13)
(40,14,13)
8 242 L 48 2 (121,97,12)
M 88 2
2
(60,38,11)
(61,39,11)
Q 132 4
2
(40,18,11)
(41,19,11)
H 156 4
2
(40,14,13)
(41,15,13)
9 292 L 60 2 (146,116,15)
M 110 3
2
(58,36,11)
(59,37,11)
Q 160 4
4
(36,16,10)
(37,17,10)
H 192 4
4
(36,12,12)
(37,13,12)
10 346 L 72 2
2
(86,68,9)
(87,69,9)
M 130 4
1
(69,43,13)
(70,44,13)
Q 192 6
2
(43,19,12)
(44,20,12)
H 224 6
2
(43,15,14)
(44,16,14)
11 404 L 80 4 (101,81,10)
M 150 1
4
(80,50,15)
(81,51,15)
Q 224 4
4
(50,22,14)
(51,23,14)
H 264 3
8
(36,12,12)
(37,13,12)
12 466 L 96 2
2
(116,92,12)
(117,93,12)
M 176 6
2
(58,36,11)
(59,37,11)
Q 260 4
6
(46,20,13)
(47,21,13)
H 308 7
4
(42,14,14)
(43,15,14)
13 532 L 104 4 (133,107,13)
M 198 8
1
(59,37,11)
(60,38,11)
Q 288 8
4
(44,20,12)
(45,21,12)
H 352 12
4
(33,11,11)
(34,12,11)
14 581 L 120 3
1
(145,115,15)
(146,116,15)
M 216 4
5
(64,40,12)
(65,41,12)
Q 320 11
5
(36,16,10)
(37,17,10)
H 384 11
5
(36,12,12)
(37,13,12)
15 655 L 132 5
1
(109,87,11)
(110,88,11)
M 240 5
5
(65,41,12)
(66,42,12)
Q 360 5
7
(54,24,15)
(55,25,15)
H 432 11
7
(36,12,12)
(37,13,12)
16 733 L 144 5
1
(122,98,12)
(123,99,12)
M 280 7
3
(73,45,14)
(74,46,14)
Q 408 15
2
(43,19,12)
(44,20,12)
H 480 3
13
(45,15,15)
(46,16,15)
17 815 L 168 1
5
(135,107,14)
(136,108,14)
M 308 10
1
(74,46,14)
(75,47,14)
Q 448 1
15
(50,22,14)
(51,23,14)
H 532 2
17
(42,14,14)
(43,15,14)
18 901 L 180 5
1
(150,120,15)
(151,121,15)
M 338 9
4
(69,43,13)
(70,44,13)
Q 504 17
1
(50,22,14)
(51,23,14)
H 588 2
19
(42,14,14)
(43,15,14)
19 991 L 196 3
4
(141,113,14)
(142,114,14)
M 364 3
11
(70,44,13)
(71,45,13)
Q 546 17
4
(47,21,13)
(48,22,13)
H 650 9
16
(39,13,13)
(40,14,13)
20 1 085 L 224 3
5
(135,107,14)
(136,108,14)
M 416 3
13
(67,41,13)
(68,42,13)
Q 600 15
5
(54,24,15)
(55,25,15)
H 700 15
10
(43,15,14)
(44,16,14)
21 1 156 L 224 4
4
(144,116,14)
(145,117,14)
M 442 17 (68,42,13)
Q 644 17
6
(50,22,14)
(51,23,14)
H 750 19
6
(46,16,15)
(47,17,15)
22 1 258 L 252 2
7
(139,111,14)
(140,112,14)
M 476 17 (74,46,14)
Q 690 7
16
(54,24,15)
(55,25,15)
H 816 34 (37,13,12)
23 1 364 L 270 4
5
(151,121,15)
(152,122,15)
M 504 4
14
(75,47,14)
(76,48,14)
Q 750 11
14
(54,24,15)
(55,25,15)
H 900 16
14
(45,15,15)
(46,16,15)
24 1 474 L 300 6
4
(147,117,15)
(148,118,15)
M 560 6
14
(73,45,14)
(74,46,14)
Q 810 11
16
(54,24,15)
(55,25,15)
H 960 30
2
(46,16,15)
(47,17,15)
25 1 588 L 312 8
4
(132,106,13)
(133,107,13)
M 588 8
13
(75,47,14)
(76,48,14)
Q 870 7
22
(54,24,15)
(55,25,15)
H 1050 22
13
(45,15,15)
(46,16,15)
26 1 706 L 336 10
2
(142,114,14)
(143,115,14)
M 644 19
4
(74,46,14)
(75,47,14)
Q 952 28
6
(50,22,14)
(51,23,14)
H 1110 33
4
(46,16,15)
(47,17,15)
27 1 828 L 360 8
4
(152,122,15)
(153,123,15)
M 700 22
3
(73,45,14)
(74,46,14)
Q 1 020 8
26
(53,23,15)
(54,24,15)
H 1 200 12
28
(45,15,15)
(46,16,15)
28 1 921 L 390 3
10
(147,117,15)
(148,118,15)
M 728 3
23
(73,45,14)
(74,46,14)
Q 1 050 4
31
(54,24,15)
(55,25,15)
H 1 260 11
31
(45,15,15)
(46,16,15)
29 2 051 L 420 7
7
(146,116,15)
(147,117,15)
M 784 21
7
(73,45,14)
(74,46,14)
Q 1 140 1
37
(53,23,15)
(54,24,15)
H 1 350 19
26
(45,15,15)
(46,16,15)
30 2 185 L 450 5
10
(145,115,15)
(146,116,15)
M 812 19
10
(75,47,14)
(76,48,14)
Q 1 200 15
25
(54,24,15)
(55,25,15)
H 1 440 23
25
(45,15,15)
(46,16,15)
31 2 323 L 480 13
3
(145,115,15)
(146,116,15)
M 868 2
29
(74,46,14)
(75,47,14)
Q 1 290 42
1
(54,24,15)
(55,25,15)
H 1 530 23
28
(45,15,15)
(46,16,15)
32 2 465 L 510 17 (145,115,15)
M 924 10
23
(74,46,14)
(75,47,14)
Q 1 350 10
35
(54,24,15)
(55,25,15)
H 1 620 19
35
(45,15,15)
(46,16,15)
33 2 611 L 540 17
1
(145,115,15)
(146,116,15)
M 980 14
21
(74,46,14)
(75,47,14)
Q 1 440 29
19
(54,24,15)
(55,25,15)
H 1 710 11
46
(45,15,15)
(46,16,15)
34 2 761 L 570 13
6
(145,115,15)
(146,116,15)
M 1 036 14
23
(74,46,14)
(75,47,14)
Q 1 530 44
7
(54,24,15)
(55,25,15)
H 1 800 59
1
(46,16,15)
(47,17,15)
35 2 876 L 570 12
7
(151,121,15)
(152,122,15)
M 1 064 12
26
(75,47,14)
(76,48,14)
Q 1 590 39
14
(54,24,15)
(55,25,15)
H 1 890 22
41
(45,15,15)
(46,16,15)
36 3 034 L 600 6
14
(151,121,15)
(152,122,15)
M 1 120 6
34
(75,47,14)
(76,48,14)
Q 1 680 46
10
(54,24,15)
(55,25,15)
H 1 980 2
64
(45,15,15)
(46,16,15)
37 3 196 L 630 17
4
(152,122,15)
(153,123,15)
M 1 204 29
14
(74,46,14)
(75,47,14)
Q 1 770 49
10
(54,24,15)
(55,25,15)
H 2 100 24
46
(45,15,15)
(46,16,15)
38 3 362 L 660 4
18
(152,122,15)
(153,123,15)
M 1 260 13
32
(74,46,14)
(75,47,14)
Q 1 860 48
14
(54,24,15)
(55,25,15)
H 2 220 42
32
(45,15,15)
(46,16,15)
39 3 532 L 720 20
4
(147,117,15)
(148,118,15)
M 1 316 40
7
(75,47,14)
(76,48,14)
Q 1 950 43
22
(54,24,15)
(55,25,15)
H 2 310 10
67
(45,15,15)
(46,16,15)
40 3 706 L 750 19
6
(148,118,15)
(149,119,15)
M 1 372 18
31
(75,47,14)
(76,48,14)
Q 2 040 34
34
(54,24,15)
(55,25,15)
H 2 430 20
61
(45,15,15)
(46,16,15)
